<?xml version="1.0"?>
<opencv_storage>
<calibration_time>"2024年03月18日 星期一 14时45分44秒"</calibration_time>
<nr_of_frames>25</nr_of_frames>
<image_width>1080</image_width>
<image_height>720</image_height>
<board_width>10</board_width>
<board_height>7</board_height>
<square_size>20.</square_size>
<fix_aspect_ratio>1.</fix_aspect_ratio>
<!-- flags: +fix_aspectRatio +fix_principal_point +zero_tangent_dist +fix_k4 +fix_k5 -->
<flags>6158</flags>
<fisheye_model>0</fisheye_model>
<camera_matrix type_id="opencv-matrix">
  <rows>3</rows>
  <cols>3</cols>
  <dt>d</dt>
  <data>
    1.4647195809086636e+03 0. 5.3950000000000000e+02 0.
    1.4647195809086636e+03 3.5950000000000000e+02 0. 0. 1.</data></camera_matrix>
<distortion_coefficients type_id="opencv-matrix">
  <rows>5</rows>
  <cols>1</cols>
  <dt>d</dt>
  <data>
    8.3749588430230879e-02 -1.4195011037441994e+00 0. 0.
    1.0719841809873239e+01</data></distortion_coefficients>
<avg_reprojection_error>6.6799799165889973e-01</avg_reprojection_error>
<per_view_reprojection_errors type_id="opencv-matrix">
  <rows>25</rows>
  <cols>1</cols>
  <dt>f</dt>
  <data>
    5.73174298e-01 5.60054719e-01 5.83697557e-01 5.87559640e-01
    6.33563876e-01 6.39858663e-01 6.50785625e-01 6.49733365e-01
    6.63132906e-01 6.44348919e-01 6.40052438e-01 6.21116936e-01
    6.24172330e-01 6.52262211e-01 6.64114714e-01 7.30153382e-01
    7.60914922e-01 7.81097889e-01 7.76172638e-01 7.22383499e-01
    7.05773532e-01 7.00026035e-01 6.90336823e-01 6.91164374e-01
    6.89571738e-01</data></per_view_reprojection_errors>
<!-- a set of 6-tuples (rotation vector + translation vector) for each view -->
<extrinsic_parameters type_id="opencv-matrix">
  <rows>25</rows>
  <cols>6</cols>
  <dt>d</dt>
  <data>
    -3.8333323922072580e-02 -6.1968386292075038e-02
    3.1219010113507570e+00 1.5692108966913636e+02 9.7786573366283861e+01
    6.6514303799660240e+02 -3.3251101769373854e-02
    -5.9769510905390170e-02 3.1196005935843911e+00
    1.6021844867225559e+02 1.0765757783110277e+02 6.6473804669155584e+02
    -3.3663529670791233e-02 -6.3316724997190335e-02
    3.1183888233467778e+00 1.4690340580939633e+02 1.0412725533299962e+02
    6.6380096762918743e+02 -3.2446714873901425e-02
    -6.4992853114868271e-02 3.1160039758780731e+00
    1.3506894062159316e+02 1.0969776433843342e+02 6.6276686478306544e+02
    -3.3812576256727588e-02 -7.7483004687777551e-02
    3.1146116997767765e+00 1.1568799614440466e+02 1.0324636755892512e+02
    6.6114724822631888e+02 -3.4753107165274938e-02
    -8.2337429318508196e-02 3.1139826786634033e+00
    1.0498784284201454e+02 1.0402852829754957e+02 6.6087101074385521e+02
    -3.4282351803041872e-02 -9.2646501762820493e-02
    3.1100899305660827e+00 9.3334543561331387e+01 1.0167320936410292e+02
    6.6035239950809444e+02 -3.7449506062657997e-02
    -9.8983501353911513e-02 3.1089729849525876e+00
    8.4128298059589383e+01 9.9853694913368415e+01 6.6022468329934941e+02
    -3.6484948598021524e-02 -1.0720135249206049e-01
    3.1090344478700800e+00 7.5797013443251075e+01 9.7427566325083987e+01
    6.5946019612670864e+02 -4.1525693416913076e-02
    -1.1174730617606836e-01 3.1076917586161619e+00
    6.3809461463369637e+01 1.0043838294964483e+02 6.5868671472287792e+02
    -4.4700140152610153e-02 -1.1766270324347523e-01
    3.1028732134344059e+00 5.1133169083974636e+01 1.0134718965416064e+02
    6.5784408093216132e+02 -4.6313483133603318e-02
    -1.1620922960006604e-01 3.0988943370422461e+00
    4.5252116115538080e+01 1.0817051833785619e+02 6.5794533601405806e+02
    -4.9812344244567430e-02 -1.2010678996868386e-01
    3.0937323476001461e+00 3.1813744983985519e+01 1.1138467180024239e+02
    6.5740011774441916e+02 3.8443385300936724e-02 1.4193207680114331e-01
    -3.1098639952340834e+00 3.8248028929353161e+01
    8.2494289208767412e+01 6.6729323094723850e+02 3.7848975815521615e-02
    1.4594398321910804e-01 -3.1125813738534593e+00
    4.3278662380986994e+01 7.1761661912792775e+01 6.6867243117624139e+02
    3.8300081807892121e-02 1.5747445343433664e-01
    -3.1172725367111229e+00 5.1287383022650147e+01
    5.0029678315619613e+01 6.7138515695188607e+02 3.9163265168683799e-02
    1.6018590998359777e-01 -3.1240257351913385e+00
    5.6876233647519342e+01 4.1435084488242417e+01 6.7317891991194176e+02
    4.5675780163291865e-02 1.6956299332736538e-01
    -3.1288692662600215e+00 5.7939205487982726e+01
    2.6792121620813305e+01 6.7422156485410949e+02 4.5614827061810560e-02
    1.4908859697709725e-01 -3.1357620385818832e+00
    6.1783431639810232e+01 3.8931440577064002e+01 6.7459908322341300e+02
    -6.5721311189458245e-02 -8.1335801736110616e-02
    3.1170364998725941e+00 1.7531704376157714e+02 4.4276304040823705e-01
    6.7011835493161948e+02 -6.3281431153528925e-02
    -7.9480670371041354e-02 3.1175827167560008e+00
    1.7907554402291098e+02 4.9026987735444143e+00 6.7031348561035588e+02
    -6.0989961983364357e-02 -7.7624123204205656e-02
    3.1192373029480751e+00 1.7487103798853667e+02 1.1913551261878599e+01
    6.6952299387623987e+02 -5.8630442968913447e-02
    -7.4568849908894966e-02 3.1223689953128124e+00
    1.8111183983574242e+02 1.7898180605564377e+01 6.6921989678269608e+02
    -5.7965630034310905e-02 -7.4041540258233077e-02
    3.1291439346146399e+00 1.7424999770936739e+02 2.6615637400059597e+01
    6.6845221838643863e+02 -5.5290437670877171e-02
    -7.4069630704906561e-02 3.1268098384393750e+00
    1.7850150751729404e+02 2.8244267470093231e+01 6.6762188767629164e+02</data></extrinsic_parameters>
