<?xml version="1.0"?>
<opencv_storage>
<calibration_time>"2024年03月18日 星期一 21时22分34秒"</calibration_time>
<nr_of_frames>25</nr_of_frames>
<image_width>1280</image_width>
<image_height>720</image_height>
<board_width>10</board_width>
<board_height>7</board_height>
<square_size>20.</square_size>
<fix_aspect_ratio>1.</fix_aspect_ratio>
<!-- flags: +fix_aspectRatio +fix_principal_point +zero_tangent_dist +fix_k4 +fix_k5 -->
<flags>6158</flags>
<fisheye_model>0</fisheye_model>
<camera_matrix type_id="opencv-matrix">
  <rows>3</rows>
  <cols>3</cols>
  <dt>d</dt>
  <data>
    2.2620269886809115e+03 0. 6.3950000000000000e+02 0.
    2.2620269886809115e+03 3.5950000000000000e+02 0. 0. 1.</data></camera_matrix>
<distortion_coefficients type_id="opencv-matrix">
  <rows>5</rows>
  <cols>1</cols>
  <dt>d</dt>
  <data>
    -2.6675586832138935e-02 1.9500199992384366e+00 0. 0.
    -2.7529629254727688e+01</data></distortion_coefficients>
<avg_reprojection_error>1.6542472261049415e+00</avg_reprojection_error>
<per_view_reprojection_errors type_id="opencv-matrix">
  <rows>25</rows>
  <cols>1</cols>
  <dt>f</dt>
  <data>
    1.26139641e+00 9.72337604e-01 1.16427970e+00 1.10876298e+00
    1.05503714e+00 1.08692205e+00 1.61693978e+00 1.62847900e+00
    1.61577880e+00 1.63559496e+00 1.62074721e+00 1.72464514e+00
    1.30160618e+00 1.28629649e+00 1.29399729e+00 1.33275390e+00
    1.72893691e+00 1.93105602e+00 1.98377419e+00 2.17701268e+00
    2.17902470e+00 2.13250017e+00 2.14381099e+00 2.10255480e+00
    2.08304954e+00</data></per_view_reprojection_errors>
<!-- a set of 6-tuples (rotation vector + translation vector) for each view -->
<extrinsic_parameters type_id="opencv-matrix">
  <rows>25</rows>
  <cols>6</cols>
  <dt>d</dt>
  <data>
    3.1605136531626987e-01 -1.1468559280806362e-01
    -3.0899120462483531e+00 8.7479522340042930e+00
    1.1002143580921231e+02 7.6339974726525702e+02 4.1765847822460400e-01
    9.9948278064327170e-02 -3.0385728262136062e+00
    8.1260115881494826e+01 7.0990122062533629e+01 8.6766583065759403e+02
    2.9913470107903456e-01 9.7612736116020130e-02
    -3.1141785201436787e+00 1.9785560630121347e+02
    8.7513059940094848e+01 8.5030887301035295e+02
    -3.3160398695445281e-01 -1.5723077015459652e-01
    3.0804261991233681e+00 1.7848018866072590e+02 1.6595418609746812e+01
    8.4410063850082781e+02 3.9296691287379037e-01 6.6453061038885389e-02
    -3.1008509269985307e+00 1.0593700207260892e+02
    1.0010988063453145e+02 8.5961332811112072e+02 4.9995400356637798e-01
    2.8001857328809207e-02 -3.0893368393261964e+00
    2.0478729319947103e+01 1.0742533485711770e+02 8.7062382621223105e+02
    8.5990599878750928e-01 2.3830016849829938e-02
    -2.9736271193080031e+00 -2.2077462974540744e+01
    4.6587941094582597e+01 8.3326237595430905e+02 8.7458206249001247e-01
    3.4478147862457710e-02 -2.9734816770432571e+00
    -2.6756738172907912e+01 4.1438664049854026e+01
    8.3467833123165769e+02 7.9579891106041800e-01 4.3630951131566412e-02
    -3.0003123179784987e+00 2.6040821392823400e+01
    4.5632286891366398e+01 8.4135899532440601e+02 7.1214702788140760e-01
    4.2109431053992501e-02 -2.9978365328699312e+00
    8.1619297685826908e+01 6.5748662060353851e+01 8.4801278645021432e+02
    6.6266191416228948e-01 6.4140857981016750e-02
    -3.0154129018549258e+00 1.2598057328861833e+02
    5.9492557964230429e+01 8.4920907801471219e+02 6.1226113969769180e-01
    7.3392688753729229e-02 -3.0179880562909500e+00
    1.6586901198293583e+02 6.1660361772132326e+01 8.4589772616694802e+02
    3.5439774934842083e-01 4.4491600503556278e-01
    -2.8376162802400460e+00 7.0717935565666849e+01
    1.0670419105763234e+02 9.5602239768458332e+02 3.2877352796957848e-01
    4.3559584884981656e-01 -2.8470061387724694e+00
    9.1014391301693763e+01 1.1672622759257469e+02 9.4850477010414431e+02
    2.9883620099489716e-01 4.4394894990969574e-01
    -2.8440231014861594e+00 1.1196437877569136e+02
    1.1607624019472914e+02 9.4308923071031086e+02 2.7805691263300392e-01
    4.6016706035964611e-01 -2.8456162798910700e+00
    1.2869953633577973e+02 1.1186737539170394e+02 9.3924504959381011e+02
    5.2390855513344836e-01 2.2032940139557103e-01
    -2.9838159804142892e+00 4.2721465172918684e+01
    4.5873427267853486e+01 9.0019198556446077e+02 5.1517517514115974e-01
    2.8852513792370360e-01 -2.9955040244409794e+00
    6.0703222897668809e+01 2.9241328239003799e+01 8.9837923139535440e+02
    3.8932930314570308e-01 2.9736449793524544e-01
    -2.8534854592664907e+00 1.1725817675308303e+02
    6.7495391345948860e+01 8.8803645212995059e+02 3.5635467783817426e-01
    3.2201748325437907e-01 -2.6659360432264272e+00
    1.1024993774372940e+02 8.6147989071975019e+01 8.7713902542350979e+02
    3.2416028773202293e-01 3.4795733234117893e-01
    -2.6724442797637149e+00 1.4040836806874015e+02
    6.1062074362037499e+01 8.6954501767232614e+02 4.3850540491092782e-01
    3.1282443868299087e-01 -2.6397525205906631e+00
    6.1916763499488901e+01 6.6501929754469657e+01 8.9061922893929705e+02
    -7.4068142452228314e-01 -2.3439942068873225e-02
    3.0331373868219158e+00 5.8913193847488126e+00 9.1794639422608000e+01
    8.9597261927490638e+02 -7.1972564208437317e-01
    -2.1470665132828116e-02 3.0286195971413541e+00
    1.3595763587711749e+01 9.1528937883070128e+01 8.9285461853358311e+02
    -7.0675417087535497e-01 -1.3327079515375453e-02
    3.0007475329878548e+00 1.3951395232033278e+01 7.8522347549218736e+01
    8.8761929207785113e+02</data></extrinsic_parameters>
