<?xml version="1.0"?>
<opencv_storage>
  <calibration_time>"2024年03月18日 星期一 21时41分16秒"</calibration_time>
  <nr_of_frames>25</nr_of_frames>
  <image_width>1280</image_width>
  <image_height>720</image_height>
  <board_width>10</board_width>
  <board_height>7</board_height>
  <square_size>20.</square_size>
  <fix_aspect_ratio>1.</fix_aspect_ratio>
  <!-- flags: +fix_aspectRatio +fix_principal_point +zero_tangent_dist +fix_k4 +fix_k5 -->
  <flags>6158</flags>
  <fisheye_model>0</fisheye_model>
  <camera_matrix type_id="opencv-matrix">
    <rows>3</rows>
    <cols>3</cols>
    <dt>d</dt>
    <data>
    2.9437575068818151e+03 0. 6.3950000000000000e+02 0.
    2.9437575068818151e+03 3.5950000000000000e+02 0. 0. 1.</data>
  </camera_matrix>
  <distortion_coefficients type_id="opencv-matrix">
    <rows>5</rows>
    <cols>1</cols>
    <dt>d</dt>
    <data>
    2.9722982397920289e-01 -2.0187041920020214e+00 0. 0.
    -5.3260672506578693e+01</data>
  </distortion_coefficients>
  <avg_reprojection_error>5.0069277231407949e-01</avg_reprojection_error>
  <per_view_reprojection_errors type_id="opencv-matrix">
    <rows>25</rows>
    <cols>1</cols>
    <dt>f</dt>
    <data>
    6.56092107e-01 5.60820103e-01 4.84646916e-01 4.13282424e-01
    3.58515680e-01 3.80295962e-01 3.63265544e-01 4.00602043e-01
    3.92702669e-01 4.44317490e-01 4.81579483e-01 4.72143948e-01
    5.02701223e-01 4.85193074e-01 8.87785196e-01 6.09784842e-01
    5.47045350e-01 4.46420491e-01 9.03899133e-01 3.55227977e-01
    3.61526102e-01 3.93274009e-01 4.09376770e-01 3.45525354e-01
    2.86987305e-01</data>
  </per_view_reprojection_errors>
  <!-- a set of 6-tuples (rotation vector + translation vector) for each view -->
  <extrinsic_parameters type_id="opencv-matrix">
    <rows>25</rows>
    <cols>6</cols>
    <dt>d</dt>
    <data>
    1.4235787856729321e-01 -3.5314880817896938e-01
    -1.5060894841378034e+00 -2.4855377186237899e+02
    3.7545375319518477e+01 1.5963378341476948e+03 1.3120985101664026e-01
    -3.0765097709358363e-01 -1.5165253357073780e+00
    -1.8166561654432496e+02 3.7039789447644011e+01
    1.5968518374771074e+03 9.5554754943760631e-02
    -2.5768278677689244e-01 -1.5368152275121569e+00
    -8.3706199314137208e+01 5.6343620767123980e+01
    1.6002287844836396e+03 5.5091432720505734e-02
    -1.9713731648497798e-01 -1.5883760030818372e+00
    5.7767587704764196e+01 8.2890848720706217e+01 1.5996347680028373e+03
    3.7144906281761779e-02 -1.6383697885256393e-01
    -1.6071238024847501e+00 1.3883977527179272e+02
    9.4750577811128963e+01 1.5945542196122378e+03 7.9735360114529131e-04
    -4.3957564554543377e-01 -2.6234511455197009e+00
    -1.0166761152718169e+02 1.4319209808787176e+02
    1.6188868559186221e+03 -5.5612352427490956e-02
    -3.8995502294574369e-01 -2.6374462316145202e+00
    -3.6395796603977679e+01 1.0338746839518548e+02
    1.6147690521521167e+03 -1.7518059873896225e-01
    -2.9032727929932145e-01 -2.6260416081898312e+00
    1.2476974605019544e+02 3.8548261626353330e+01 1.5920368338156713e+03
    -2.6750373343190148e-01 -2.5209139365555799e-01
    -2.5695762065919618e+00 2.2977494540301694e+02
    6.3693317556927155e+01 1.5834222100822956e+03
    -2.9179873814677115e-01 -3.1397443810336367e-01
    -2.5302310248887685e+00 2.1915813597520591e+02
    1.4617082697185856e+02 1.5882851851781988e+03 4.3474385787278476e-02
    -6.0881606073172423e-01 -2.5510229087223633e+00
    -8.2310247062950140e+01 1.1446537463992205e+02
    1.5820775378898531e+03 -2.9789839421906224e-02
    -5.7417346972357863e-01 -2.5774807083290239e+00
    7.1389979970337709e+00 9.4231879617840733e+01 1.5865998106370369e+03
    -8.7967142764979342e-02 -5.2321146160718190e-01
    -2.5874074478034035e+00 9.1365329079179219e+01
    6.0562123402554903e+01 1.5894349518026065e+03
    -1.7558202651571569e-01 -4.7252962856480818e-01
    -2.5757490475213647e+00 2.1176228216024785e+02
    5.3259460915916954e+01 1.5888233907622325e+03 2.3149411779435486e-01
    -2.0407866519163861e-01 -1.7319488793828983e+00
    -1.9562261734548775e+02 1.3222545915780583e+02
    1.5413303217569348e+03 2.0374281557374221e-01
    -8.6379052823367622e-02 -1.7631306278350030e+00
    2.1152888448933767e+00 1.0980952730375463e+02 1.5453216151766210e+03
    1.9080810098633977e-01 -6.6626102699836556e-02
    -1.7552010998998586e+00 6.5866007873745261e+01
    1.2362624591309461e+02 1.5379264773482996e+03 1.6970010961014489e-01
    -3.0629768736250014e-02 -1.7511969041999664e+00
    1.6489597319802357e+02 1.1369644877759873e+02 1.5209792676463710e+03
    2.1436481783389161e-01 -1.9184959386034911e-01
    -1.7864576197061490e+00 -2.0002682338568454e+02
    1.2667945595046498e+02 1.5449062058696229e+03 7.8102086528745437e-02
    4.4431584745686543e-02 -1.7068907612439610e+00
    6.6940168401064895e+01 8.4341765697575539e+01 1.7258349418115483e+03
    7.3638490436330611e-02 5.9747254802121390e-02
    -1.7111825324565573e+00 1.4828991004560891e+02
    8.6414229690838681e+01 1.7054645943851051e+03 6.7745544722149886e-02
    9.0718872291839642e-02 -1.6883155174401849e+00
    -3.4313373706187647e+01 7.8538098552211096e+01
    1.7366552562714596e+03 1.1253225666543661e-01 1.0135871857449572e-01
    -1.6453291175285758e+00 -2.0244098645252444e+02
    8.7396073428649046e+01 1.7415878498925240e+03 7.3808014912116068e-02
    7.6678222919821334e-02 -1.6104537416284241e+00
    -4.1584381419703114e+01 1.2825151173186731e+02
    1.7205957493130243e+03 5.7470597320503004e-02 6.3763720157881940e-02
    -1.5868355959349230e+00 1.3932454750359406e+02
    1.7237236801122916e+02 1.6595100491838436e+03</data>
  </extrinsic_parameters>
  <image_points type_id="opencv-matrix">
    <rows>25</rows>
    <cols>70</cols>
    <dt>"2f"</dt>
    <data>
    1.79732956e+02 4.28651672e+02 1.81123840e+02 3.92250275e+02
    1.82637054e+02 3.55777039e+02 1.84175430e+02 3.19451172e+02
    1.85439545e+02 2.83089081e+02 1.86942535e+02 2.46686096e+02
    1.88615463e+02 2.10320251e+02 1.90068436e+02 1.73990784e+02
    1.91464783e+02 1.37495377e+02 1.93436691e+02 1.01032532e+02
    2.16756912e+02 4.30743835e+02 2.17765625e+02 3.94589081e+02
    2.19457077e+02 3.58472290e+02 2.20819550e+02 3.22237457e+02
    2.22176620e+02 2.86133209e+02 2.23815582e+02 2.49882355e+02
    2.25495178e+02 2.13614120e+02 2.26951569e+02 1.77434708e+02
    2.28307098e+02 1.41423904e+02 2.29869324e+02 1.05271530e+02
    2.53248779e+02 4.32897614e+02 2.54242065e+02 3.96918213e+02
    2.55826538e+02 3.60989105e+02 2.57444519e+02 3.24833740e+02
    2.58610016e+02 2.89001587e+02 2.60209564e+02 2.53055267e+02
    2.61666504e+02 2.17366104e+02 2.63032349e+02 1.81404144e+02
    2.64517670e+02 1.45244308e+02 2.66333984e+02 1.09335236e+02
    2.89223755e+02 4.34947510e+02 2.90517883e+02 3.99133301e+02
    2.91849243e+02 3.63452087e+02 2.93449524e+02 3.27567749e+02
    2.94966309e+02 2.91787537e+02 2.96419159e+02 2.56066833e+02
    2.98132080e+02 2.20206055e+02 2.99099731e+02 1.84789459e+02
    3.00792633e+02 1.48647018e+02 3.02333313e+02 1.13068192e+02
    3.24980621e+02 4.36924805e+02 3.26168365e+02 4.01378357e+02
    3.27828247e+02 3.65754425e+02 3.29270111e+02 3.30143829e+02
    3.30722168e+02 2.94564209e+02 3.32412323e+02 2.58721497e+02
    3.33851227e+02 2.23227417e+02 3.35253662e+02 1.87772141e+02
    3.36442474e+02 1.52237106e+02 3.37918060e+02 1.16774475e+02
    3.60485046e+02 4.39032654e+02 3.61713928e+02 4.03604187e+02
    3.63285339e+02 3.68150024e+02 3.64814819e+02 3.32639984e+02
    3.66226868e+02 2.97094940e+02 3.67780945e+02 2.61785858e+02
    3.69359314e+02 2.26394119e+02 3.70679230e+02 1.90851120e+02
    3.72125946e+02 1.55450195e+02 3.73611420e+02 1.20165955e+02
    3.95816833e+02 4.40856720e+02 3.97242889e+02 4.05662872e+02
    3.98711243e+02 3.70314972e+02 4.00251801e+02 3.34945526e+02
    4.01573029e+02 2.99793884e+02 4.03043213e+02 2.64496429e+02
    4.04540894e+02 2.29309052e+02 4.06007843e+02 1.94048523e+02
    4.07582977e+02 1.58665161e+02 4.09203522e+02 1.23469963e+02
